state={
	id=39
	name="STATE_39"
	resources={
		oil=2
		aluminium=2
		steel=3
		rubber=2
		tungsten=1
		chromium=2
		coal=3
	}
	provinces={
		258 550 579 650 830 898 900 1199 1436 1505 1709 1769 1932 1933 2054 2347 2351 2568 2636 2674 2876 3432 3567 3828 4032 4375 4416 4421 4512 5153 5453 5583 5810 5815 5858 6138 6237 6344 6564 6582 6632 6709 6835 6859 7030 8234 8280 8281 8297 8298 8299 8311 8329 8339 8342 8346 8356 8379 8388 8391 8406 8418 8419 8426 8427 8458 8466 8479 8503 8507 8519 8552 8613 8656 8701 8993 9042 9043 9074 9078 9098 9105 9132 9144 9165 9179 9210 9220 9230 9241 9252 9253 9285 9291 9295 9296 9333 9374 
	}
	manpower=1
	buildings_max_level_factor=1
	state_category=town
	local_supplies=0
	history={
		owner = MUR
		add_core_of = MUR
		buildings = {
		}
	}
}
